[gd_scene load_steps=3 format=3 uid="uid://b26uk5bvpauha"]

[ext_resource type="Material" uid="uid://vtjc04nyotla" path="res://scenes/sightpicture/sigth.tres" id="1_en4ua"]

[sub_resource type="BoxMesh" id="BoxMesh_hde52"]
material = ExtResource("1_en4ua")
size = Vector3(1, 1, 13.08)

[node name="Arc" type="Node3D"]

[node name="MeshInstance3D" type="MeshInstance3D" parent="."]
transform = Transform3D(-4.37114e-08, 0.0662739, 0.997801, 0, 0.997801, -0.0662739, -1, -2.89692e-09, -4.36153e-08, 6.526, 99.572, 0)
mesh = SubResource("BoxMesh_hde52")

[node name="MeshInstance3D2" type="MeshInstance3D" parent="."]
transform = Transform3D(-4.37114e-08, 0.195946, 0.980615, 0, 0.980615, -0.195946, -1, -8.56508e-09, -4.2864e-08, 19.467, 97.866, 0)
mesh = SubResource("BoxMesh_hde52")

[node name="MeshInstance3D3" type="MeshInstance3D" parent="."]
transform = Transform3D(-4.37114e-08, 0.322266, 0.946649, 0, 0.946649, -0.322266, -1, -1.40867e-08, -4.13794e-08, 32.075, 94.49, 0)
mesh = SubResource("BoxMesh_hde52")

[node name="MeshInstance3D4" type="MeshInstance3D" parent="."]
transform = Transform3D(-4.37114e-08, 0.443071, 0.896486, 0, 0.896486, -0.443071, -1, -1.93673e-08, -3.91867e-08, 44.134, 89.495, 0)
mesh = SubResource("BoxMesh_hde52")

[node name="MeshInstance3D5" type="MeshInstance3D" parent="."]
transform = Transform3D(-4.37114e-08, 0.556296, 0.830984, 0, 0.830984, -0.556296, -1, -2.43165e-08, -3.63235e-08, 55.438, 82.969, 0)
mesh = SubResource("BoxMesh_hde52")

[node name="MeshInstance3D6" type="MeshInstance3D" parent="."]
transform = Transform3D(-4.37114e-08, 0.660002, 0.751264, 0, 0.751264, -0.660002, -1, -2.88496e-08, -3.28388e-08, 65.793, 75.023, 0)
mesh = SubResource("BoxMesh_hde52")
