[gd_scene load_steps=14 format=3 uid="uid://b3elhqehtgtdk"]

[ext_resource type="Texture2D" uid="uid://b0eq5e5w07x5g" path="res://scenes/sightpicture/aimdot.png" id="1_obk78"]
[ext_resource type="Texture2D" uid="uid://cypd5n373p1yy" path="res://scenes/sightpicture/crosshair.png" id="2_78utr"]
[ext_resource type="PackedScene" uid="uid://b26uk5bvpauha" path="res://scenes/sightpicture/Arc.tscn" id="3_68l75"]
[ext_resource type="Script" path="res://addons/godot-polyliner/Line3D/LinePath3D.gd" id="4_jm7pn"]
[ext_resource type="Script" path="res://addons/godot-polyliner/Line3D/Line3D.gd" id="5_8xfyb"]

[sub_resource type="StandardMaterial3D" id="StandardMaterial3D_gfw1r"]
albedo_color = Color(0.592157, 1, 0, 1)

[sub_resource type="CapsuleMesh" id="CapsuleMesh_mc21n"]
material = SubResource("StandardMaterial3D_gfw1r")
radius = 0.35
height = 5.873
radial_segments = 4
rings = 4

[sub_resource type="CapsuleMesh" id="CapsuleMesh_crgwy"]
material = SubResource("StandardMaterial3D_gfw1r")
radius = 0.35
height = 2.1
radial_segments = 4
rings = 4

[sub_resource type="Shader" id="Shader_hu04e"]
code = "shader_type spatial;
render_mode skip_vertex_transform;
render_mode depth_draw_always;
//render_mode alpha_to_coverage_and_one;

#include \"res://addons/godot-polyliner/shaders/include/polyliner_inc.gdshaderinc\"

uniform float line_width = 0.03;
uniform sampler2D width_curve : source_color;
uniform bool tangent_facing = false;
uniform bool rounded = false;
uniform bool tube_normal = true;

uniform bool uv_matches_width = true;
uniform vec2 tex_scale = vec2(1.0,1.0);

varying float is_end;
void vertex(){
	VERTEX = (MODELVIEW_MATRIX * vec4(VERTEX,1.0)).xyz;
	
	NORMAL = mat3(MODELVIEW_MATRIX) * NORMAL;
	TANGENT = mat3(MODELVIEW_MATRIX) * TANGENT;
	BINORMAL = mat3(MODELVIEW_MATRIX) * BINORMAL;
	
	quick_line(line_width, rounded);
	
	if (uv_matches_width) { UV.x /= line_width; }
	
	
	UV.x = 1.0-UV.x;
	
	float line_length = UV2.x;
	UV2 = UV;
	UV2.x *= line_length;
	
	// correct the texture coordinates at the rounded ends
	// TODO: doesn't take angle of the rounded end into account at all
	if (rounded) {
		// the world may never know
		// why 1.414 is the exact value which fixes the texcoords
		const float SQ2 = sqrt(2.0);
		float uv_correct = -is_end;
		
		if (uv_matches_width) { uv_correct *= line_width*SQ2; } 
		else { uv_correct *= line_width/abs(tex_scale.x); }
//		if (abs(is_end) > 0.001) {
//			float i = acos(dot(TANGENT,normalize(cross(NORMAL,normalize(VERTEX)))));
//			float xe = 1.0/(i*0.5+0.5);
//			uv_correct *= xe*abs(tex_scale.x);
//		}
		UV.x += uv_correct;
		UV2.x += uv_correct;
	}
	
	// godot seems to reapply the modelview transform later
	// we have no choice but to do the inverse transform
	// af1d81d fixes this
	TANGENT =  TANGENT * mat3(MODELVIEW_MATRIX);
	BINORMAL = BINORMAL * mat3(MODELVIEW_MATRIX);
}

uniform sampler2D texture_alb : hint_default_white, source_color;
uniform sampler2D texture_rgh : hint_default_white;
uniform bool tex_stretch = true;

uniform vec4 color : source_color = vec4(vec3(1.0),1.0);
uniform float metallic  : hint_range(0.0,1.0,0.005) = 0.0;
uniform float specular  : hint_range(0.0,1.0,0.005) = 0.5;
uniform float roughness : hint_range(0.0,1.0,0.005) = 0.5;

void fragment() {
	if (!FRONT_FACING) { NORMAL = -NORMAL; }
	
	if (tube_normal && !tangent_facing) { 
		NORMAL_MAP = getLineTubeNormal(UV,is_end,rounded);
	}
	
	if (rounded && abs(is_end) > 0.0001) {
		// pure heuristics
		float softner = magic_aa(6000.0,VERTEX,VIEWPORT_SIZE);
		softner *= (1.0/line_width) * (min(abs(is_end)*2.0,1.0));
		ALPHA *= smoothstep(1.0,1.0+softner,getDistToLineCenter(UV,is_end));
	}
	
	vec2 uv_alb = UV2;
	if (tex_stretch) {
		uv_alb = UV;
	}
	uv_alb *= tex_scale;
	uv_alb = uv_alb.yx; // more intuitive
	
	vec4 alb_sample = texture(texture_alb,uv_alb.yx);
	vec4 rgh_sample = texture(texture_rgh,uv_alb.yx);
	
	ALBEDO = alb_sample.rgb * alb_sample.a * color.rgb;
	SPECULAR = specular;
	ROUGHNESS = roughness * rgh_sample.r;
	METALLIC = metallic;
	
	ALPHA_SCISSOR_THRESHOLD = 0.001; // comment out for alpha blending
}"

[sub_resource type="ShaderMaterial" id="ShaderMaterial_rbrqw"]
render_priority = 0
shader = SubResource("Shader_hu04e")
shader_parameter/line_width = 0.8
shader_parameter/tangent_facing = false
shader_parameter/rounded = false
shader_parameter/tube_normal = false
shader_parameter/uv_matches_width = true
shader_parameter/tex_scale = Vector2(1, 1)
shader_parameter/tex_stretch = false
shader_parameter/color = Color(0.592157, 1, 0, 1)
shader_parameter/metallic = 0.0
shader_parameter/specular = 0.0
shader_parameter/roughness = 0.0

[sub_resource type="ShaderMaterial" id="ShaderMaterial_g71iy"]
render_priority = 0
shader = SubResource("Shader_hu04e")
shader_parameter/line_width = 0.8
shader_parameter/tangent_facing = false
shader_parameter/rounded = false
shader_parameter/tube_normal = false
shader_parameter/uv_matches_width = true
shader_parameter/tex_scale = Vector2(1, 1)
shader_parameter/tex_stretch = false
shader_parameter/color = Color(0.592157, 1, 0, 1)
shader_parameter/metallic = 0.0
shader_parameter/specular = 0.0
shader_parameter/roughness = 0.0

[sub_resource type="ShaderMaterial" id="ShaderMaterial_ru4q3"]
render_priority = 0
shader = SubResource("Shader_hu04e")
shader_parameter/line_width = 1.1
shader_parameter/tangent_facing = false
shader_parameter/rounded = false
shader_parameter/tube_normal = false
shader_parameter/uv_matches_width = true
shader_parameter/tex_scale = Vector2(1, 1)
shader_parameter/tex_stretch = false
shader_parameter/color = Color(0.592157, 1, 0, 1)
shader_parameter/metallic = 0.0
shader_parameter/specular = 0.0
shader_parameter/roughness = 0.0

[sub_resource type="Environment" id="Environment_gv6ra"]
background_energy_multiplier = 0.0
ambient_light_source = 1
reflected_light_source = 1

[node name="SightPicture" type="Camera3D"]
fov = 20.0
near = 10.0
far = 3000.0

[node name="Laskettu ballistiikka" type="Node" parent="."]
editor_description = "Lähtö: 830m/s
Energianpuoliintumismatka: 600m
Tähtäinkorkeus 12cm
G: 9.825

Lentoaika 1500m 2.875130 s

Ennakkoringit heko 150m, ryko 300m, suko 666,67m"

[node name="Zero" type="Node3D" parent="."]
transform = Transform3D(1, 0, 0, 0, 1, 0, 0, 0, 1, 0, 0, -100)

[node name="Dot" type="Sprite3D" parent="Zero"]
transform = Transform3D(0.5, 0, 0, 0, 0.5, 0, 0, 0, 0.5, 0, 0, 0)
pixel_size = 0.0001
fixed_size = true
texture = ExtResource("1_obk78")

[node name="500m" type="Node3D" parent="."]
transform = Transform3D(1, 0, 0, 0, 1, 0, 0, 0, 1, 0, -2.328, -500)

[node name="RightLevel" type="MeshInstance3D" parent="500m"]
transform = Transform3D(-4.37114e-08, -1, 0, 1, -4.37114e-08, 0, 0, 0, 1, 5.173, 0, 0)
mesh = SubResource("CapsuleMesh_mc21n")

[node name="LeftLevel" type="MeshInstance3D" parent="500m"]
transform = Transform3D(-4.37114e-08, -1, 0, 1, -4.37114e-08, 0, 0, 0, 1, -5.173, 0, 0)
mesh = SubResource("CapsuleMesh_mc21n")

[node name="RightLead20kmph" type="MeshInstance3D" parent="500m"]
transform = Transform3D(1, 0, 0, 0, 1, 0, 0, 0, 1, 3.88, 0, 0)
mesh = SubResource("CapsuleMesh_crgwy")

[node name="RightLead40kmph" type="MeshInstance3D" parent="500m"]
transform = Transform3D(1, 0, 0, 0, 1, 0, 0, 0, 1, 7.76, 0, 0)
mesh = SubResource("CapsuleMesh_crgwy")

[node name="LeftLead20kmph" type="MeshInstance3D" parent="500m"]
transform = Transform3D(1, 0, 0, 0, 1, 0, 0, 0, 1, -3.88, 0, 0)
mesh = SubResource("CapsuleMesh_crgwy")

[node name="LeftLead40kmph" type="MeshInstance3D" parent="500m"]
transform = Transform3D(1, 0, 0, 0, 1, 0, 0, 0, 1, -7.76, 0, 0)
mesh = SubResource("CapsuleMesh_crgwy")

[node name="1000m" type="Node3D" parent="."]
transform = Transform3D(1, 0, 0, 0, 1, 0, 0, 0, 1, 0, -11.1, -1000)

[node name="Crosshair" type="Sprite3D" parent="1000m"]
transform = Transform3D(0.9, 0, 0, 0, 0.9, 0, 0, 0, 0.9, 0, 0, 0)
pixel_size = 0.0001
fixed_size = true
texture = ExtResource("2_78utr")

[node name="1500m" type="Node3D" parent="."]
transform = Transform3D(1, 0, 0, 0, 0.996195, 0.0871558, 0, -0.0871558, 0.996195, 0, -31.6, -1500)

[node name="Crosshair" type="Sprite3D" parent="1500m"]
transform = Transform3D(0.9, 0, 0, 0, 0.9, 0, 0, 0, 0.9, 0, 0, 0)
gi_mode = 0
pixel_size = 0.0001
fixed_size = true
texture = ExtResource("2_78utr")

[node name="HelicopterLeadRight" parent="1500m" instance=ExtResource("3_68l75")]
transform = Transform3D(1.5, 0, 0, 0, -6.55671e-08, 1.5, 0, -1.5, -6.55671e-08, 0, 0, 0)
script = ExtResource("4_jm7pn")
iter_min_dist = 1.0
material = SubResource("ShaderMaterial_rbrqw")

[node name="HelicopterLeadLeft" parent="1500m" instance=ExtResource("3_68l75")]
transform = Transform3D(-1.5, -1.31134e-07, 5.73206e-15, 0, -6.55671e-08, -1.5, 1.31134e-07, -1.5, 6.55671e-08, 0, 0, 0)
script = ExtResource("4_jm7pn")
iter_min_dist = 0.5
uv_size = 0.5
material = SubResource("ShaderMaterial_rbrqw")

[node name="AttackPlaneLeadRight" parent="1500m" instance=ExtResource("3_68l75")]
transform = Transform3D(3, 0, 0, 0, -1.31134e-07, 3, 0, -3, -1.31134e-07, 0, 0, 0)
script = ExtResource("4_jm7pn")
iter_min_dist = 0.5
uv_size = 0.5
material = SubResource("ShaderMaterial_rbrqw")

[node name="AttackPlaneLeadLeft" parent="1500m" instance=ExtResource("3_68l75")]
transform = Transform3D(-3, -2.62268e-07, 1.14641e-14, 0, -1.31134e-07, -3, 2.62268e-07, -3, 1.31134e-07, 0, 0, 0)
script = ExtResource("4_jm7pn")
iter_min_dist = 0.5
uv_size = 0.5
material = SubResource("ShaderMaterial_rbrqw")

[node name="AttackPlaneDirLeft2" type="Node3D" parent="1500m"]
transform = Transform3D(0.987689, 0, 0.156435, 0, 1, 0, -0.156435, 0, 0.987689, 0, 0, 0)
script = ExtResource("5_8xfyb")
material = SubResource("ShaderMaterial_g71iy")
points = PackedVector3Array(0, 0, -210, 0, 0, -390)

[node name="AttackPlaneDirLeft1" type="Node3D" parent="1500m"]
transform = Transform3D(0.996918, 0, 0.0784591, 0, 1, 0, -0.0784591, 0, 0.996918, 0, 0, 0)
script = ExtResource("5_8xfyb")
material = SubResource("ShaderMaterial_g71iy")
points = PackedVector3Array(0, 0, -210, 0, 0, -390)

[node name="AttackPlaneDirStraight" type="Node3D" parent="1500m"]
script = ExtResource("5_8xfyb")
material = SubResource("ShaderMaterial_g71iy")
points = PackedVector3Array(0, 0, -210, 0, 0, -390)

[node name="AttackPlaneDirRight1" type="Node3D" parent="1500m"]
transform = Transform3D(0.996918, 0, -0.0784591, 0, 1, 0, 0.0784591, 0, 0.996918, 0, 0, 0)
script = ExtResource("5_8xfyb")
material = SubResource("ShaderMaterial_g71iy")
points = PackedVector3Array(0, 0, -210, 0, 0, -390)

[node name="AttackPlaneDirRight2" type="Node3D" parent="1500m"]
transform = Transform3D(0.987689, 0, -0.156435, 0, 1, 0, 0.156435, 0, 0.987689, 0, 0, 0)
script = ExtResource("5_8xfyb")
material = SubResource("ShaderMaterial_g71iy")
points = PackedVector3Array(0, 0, -210, 0, 0, -390)

[node name="1500mJet" type="Node3D" parent="."]
transform = Transform3D(1, 0, 0, 0, 0.996195, 0.0871557, 0, -0.0871557, 0.996195, 0, -31.6, -1500)

[node name="JetLeadRight" parent="1500mJet" instance=ExtResource("3_68l75")]
transform = Transform3D(10, 0, 0, 0, -4.37114e-07, 10, 0, -10, -4.37114e-07, 0, 0, 0)
script = ExtResource("4_jm7pn")
iter_min_dist = 0.5
uv_size = 0.5
material = SubResource("ShaderMaterial_ru4q3")

[node name="JetLeadLeft" parent="1500mJet" instance=ExtResource("3_68l75")]
transform = Transform3D(-10, -1.50996e-06, 6.60024e-14, 0, -4.37114e-07, -10, 1.50996e-06, -10, 4.37114e-07, 0, 0, 0)
script = ExtResource("4_jm7pn")
iter_min_dist = 0.5
uv_size = 0.5
material = SubResource("ShaderMaterial_ru4q3")

[node name="JetDirLeft4" type="Node3D" parent="1500mJet"]
transform = Transform3D(0.990268, 0, 0.139173, 0, 1, 0, -0.139173, 0, 0.990268, 0, 0, 0)
script = ExtResource("5_8xfyb")
material = SubResource("ShaderMaterial_g71iy")
points = PackedVector3Array(0, 0, -650, 0, 0, -1500)

[node name="JetDirLeft3" type="Node3D" parent="1500mJet"]
transform = Transform3D(0.994522, 0, 0.104528, 0, 1, 0, -0.104528, 0, 0.994522, 0, 0, 0)
script = ExtResource("5_8xfyb")
material = SubResource("ShaderMaterial_g71iy")
points = PackedVector3Array(0, 0, -650, 0, 0, -1500)

[node name="JetDirLeft2" type="Node3D" parent="1500mJet"]
transform = Transform3D(0.997564, 0, 0.0697565, 0, 1, 0, -0.0697565, 0, 0.997564, 0, 0, 0)
script = ExtResource("5_8xfyb")
material = SubResource("ShaderMaterial_g71iy")
points = PackedVector3Array(0, 0, -650, 0, 0, -1500)

[node name="JetDirLeft1" type="Node3D" parent="1500mJet"]
transform = Transform3D(0.999391, 0, 0.0348995, 0, 1, 0, -0.0348995, 0, 0.999391, 0, 0, 0)
script = ExtResource("5_8xfyb")
material = SubResource("ShaderMaterial_g71iy")
points = PackedVector3Array(0, 0, -650, 0, 0, -1500)

[node name="JetDirStraight" type="Node3D" parent="1500mJet"]
script = ExtResource("5_8xfyb")
material = SubResource("ShaderMaterial_g71iy")
points = PackedVector3Array(0, 0, -650, 0, 0, -1500)

[node name="JetDirRight1" type="Node3D" parent="1500mJet"]
transform = Transform3D(0.999391, 0, -0.0348995, 0, 1, 0, 0.0348995, 0, 0.999391, 0, 0, 0)
script = ExtResource("5_8xfyb")
material = SubResource("ShaderMaterial_g71iy")
points = PackedVector3Array(0, 0, -650, 0, 0, -1500)

[node name="JetDirRight2" type="Node3D" parent="1500mJet"]
transform = Transform3D(0.997564, 0, -0.0697565, 0, 1, 0, 0.0697565, 0, 0.997564, 0, 0, 0)
script = ExtResource("5_8xfyb")
material = SubResource("ShaderMaterial_g71iy")
points = PackedVector3Array(0, 0, -650, 0, 0, -1500)

[node name="JetDirRight3" type="Node3D" parent="1500mJet"]
transform = Transform3D(0.994522, 0, -0.104528, 0, 1, 0, 0.104528, 0, 0.994522, 0, 0, 0)
script = ExtResource("5_8xfyb")
material = SubResource("ShaderMaterial_g71iy")
points = PackedVector3Array(0, 0, -650, 0, 0, -1500)

[node name="JetDirRight4" type="Node3D" parent="1500mJet"]
transform = Transform3D(0.990268, 0, -0.139173, 0, 1, 0, 0.139173, 0, 0.990268, 0, 0, 0)
script = ExtResource("5_8xfyb")
material = SubResource("ShaderMaterial_g71iy")
points = PackedVector3Array(0, 0, -650, 0, 0, -1500)

[node name="DirectionalLight3D" type="DirectionalLight3D" parent="."]
light_bake_mode = 0
directional_shadow_mode = 0
sky_mode = 1

[node name="DirectionalLight3D2" type="DirectionalLight3D" parent="."]
transform = Transform3D(0.866025, 0.492404, 0.0868241, 0, 0.173648, -0.984808, -0.5, 0.852868, 0.150384, 0, 0, 0)
light_bake_mode = 0
directional_shadow_mode = 0
sky_mode = 1

[node name="DirectionalLight3D3" type="DirectionalLight3D" parent="."]
transform = Transform3D(0.866025, -0.492404, -0.0868241, 0, 0.173648, -0.984808, 0.5, 0.852868, 0.150384, 0, 0, 0)
light_bake_mode = 0
directional_shadow_mode = 0
sky_mode = 1

[node name="WorldEnvironment" type="WorldEnvironment" parent="."]
environment = SubResource("Environment_gv6ra")
